1429
6455
10510
8114
3532
8008
13790
11227
7521
11011
2848
14260
9562
4575
13188
9366
6665
10128
11134
12712
6267
7080
2329
7341
11796
14786
6023
8439
12199
6518
9187
11315
7047
15233
8245
8888
9693
8640
8692
4241
19178
12386
12905
9052
11776
7153
11619
4795
5631
15974
11581
9753
9372
15799
9054
6477
16213
6320
13609
3904
6287
12640
10370
12852
17980
12020
14461
5458
11040
4129
7757
6099
5864
7218
10233
4114
8447
9428
9340
8350
7343
4717
5233
2990
9873
9832
3118
5915
4001
8434
13918
19049
14236
8389
8267
9325
1438
14587
5171
1836
-1273
-2507
-4642
-52
-1388
1980
3656
5707
6751
-8221
876
3278
-6174
-219
-4368
28
2759
8284
1220
-7124
3383
-5026
1033
7249
7322
3682
3211
1059
363
3176
-2365
-8087
5135
1341
-8137
2582
5015
-7246
590
267
-780
-5372
6219
1108
5790
-1195
7493
-1789
4333
-312
-4851
-837
-498
641
-4966
-1775
2363
-2520
-4011
-1238
-1599
5624
7156
5198
-312
1790
957
378
4636
-1331
-3517
-3099
768
-4374
-3201
-1346
-6967
5158
8080
-5088
5437
1337
2665
-898
-6455
1538
272
4879
-3697
-3230
2610
-923
-2360
2167
4349
5585
-278
1887
4415
-1354
105378
8845494
22227984
16458573
2637120
15051916
44199441
23368920
2747360
13414320
1835932
48150579
13328392
5220666
38710980
21930293
9202536
8487932
30619389
27710892
6957650
6216431
1089288
335570
21383483
51267168
6491502
17523810
37170958
8099337
19701936
15657414
5822996
57561502
442314
18082455
17201006
5536271
18800691
4478698
91796821
31138653
31965766
20177760
26287519
12434346
19714028
4947876
3233318
63767833
27646840
23605110
21896595
62299380
14328440
9700226
64319400
8398000
42279190
3427143
9242392
32035056
14082141
34538675
80795764
35319075
52051168
7411720
25097276
3819270
11950440
6898500
8449168
8241912
23616972
3778320
5703180
15570555
5487300
10958689
6089670
5115630
5070516
2033424
13952276
23575695
2411985
2795646
585048
15174864
46724656
90503118
49273524
16419858
12357372
13940850
497640
52304950
1811754
384395
0
0
0
0
0
1
1
3
18
0
1
1
0
0
0
1
2
9
1
0
3
0
2
158
4
1
3
1
1
2
0
0
6
1
0
1
3
0
1
1
0
0
2
1
2
0
4
0
7
0
0
0
0
1
0
0
1
0
0
0
0
2
5
2
0
1
1
1
2
0
0
0
1
0
0
0
0
3
13
0
6
1
3
0
0
1
1
10
0
0
1
0
0
1
3
3
0
1
12
0
